3225 857 1732 948
2928 883 1606 964
2092 904 591 952
1827 917 590 952
646 938 699 1111
2057 1078 529 1141
2699 1140 1226 1211
2039 1164 500 1236
2040 1164 501 1236
2043 1166 504 1238
2046 1168 507 1240
2813 1169 1336 1240
2842 1199 1361 1268
2792 1343 1305 1378
2792 1344 1305 1379
1970 1361 517 1457
1982 1361 531 1457
1983 1362 532 1458
1999 1362 561 1502
2088 1367 532 1458
2112 1367 561 1502
2123 1368 361 1454
1971 1382 392 1478
1971 1400 426 1455
2057 1405 495 1501
2076 1406 426 1455
2088 1406 405 1454
2113 1408 561 1502
2000 1425 481 1526
2045 1427 426 1524
2046 1428 481 1526
2575 1428 1078 1505
1950 1437 532 1544
2575 1460 1078 1505
2392 1471 1057 1570
2153 1565 602 1634
2154 1565 602 1634